% Dati per FEM stabilizzato (GLS)
% Colonne: a_value, peclet, error_L2_stab, error_H1_stab, gmres_iters
% 
1.0 .500000 1.788e-04 3.941e-04 8
13
22
51
117
249
0.875 .571428 2.802e-04 6.838e-04 8
13
22
51
117
265
0.75 .666666 4.935e-04 1.359e-03 8
13
22
51
117
277
0.625 .800000 1.042e-03 3.326e-03 9
13
22
52
118
290
0.5 1.000000 2.993e-03 1.151e-02 9
13
22
52
118
300
0.375 1.333333 1.563e-02 7.703e-02 9
13
22
52
121
277
0.25 2.000000 3.475e-01 2.456e+00 9
14
23
52
117
313
0.20 2.500000 3.246e+00 2.802e+01 9
28
29
51
117
318
